ple.27.7e WGCSE 2024
104
FSP-7e
2003 2023
1 1 0.75 0.80
1 27
1	0.0208308983	0.343191287	0.3442133438	0.2159837678	0.0410974522	0.041976317	0.0508841287	0.0336638371	0.02200358	0.0021228935	0.0009134145	0.0004882973	0.0001062793	3.28811e-05	0	3.28811e-05	0	3.28811e-05	0.000191009	0	0	0	0	0	0	0	0
1	0.0064839178	0.2038605169	0.8332283703	0.1717563494	0.292419703	0.0329951812	0.0188283869	0.0462013544	0.0114987231	0.0027995203	0.0008821426	0.0002175867	0.0001580957	0	0.0001883997	0	0	0	0.0001228108	0	0	0	0	0	0	0	0
1	0.0084930716	0.3271099173	0.4255951803	0.2404409927	0.0900371664	0.0395287705	0.0127361504	0.0174592138	0.0371790541	0.0070178609	0.0043464537	0	0	0	0.0006865187	0.0006011272	0.0005708894	0	0.0005994339	0.0014134667	0	0	0	0	0	0	0
1	0.0264706605	0.6226160902	0.4216897498	0.1859126341	0.099837907	0.0442377935	0.0213837161	0.0045703626	0.0063647949	0.0140975761	0.0015007319	0.0043230363	0	0	0.0005854935	0	0	0.0006888159	0	0	0	0	0	0	0	0	0
1	0	0.117014537	0.2742350811	0.1567513605	0.0653599832	0.026616889	0.008325896	0.0058923584	0.0054585815	0.005636939	0.0019316523	0.002303838	0.0022915293	0	0	0	0	0	0	0	0	0	0	0	0	0	0
1	0.0017564806	0.4978930589	0.2151254659	0.1256971005	0.0317905814	0.0192454357	0.0153051535	0.0046721637	0.0019192342	0.0005160863	0.0002430666	0.0001799535	0.0001019815	2.40095e-05	2.69813e-05	2.40095e-05	0	2.69813e-05	2.69813e-05	2.69813e-05	0	0	0	0	0	0	0
1	0.0211943046	0.4353288543	0.4422219627	0.1528394796	0.0598128665	0.0331030404	0.0226941756	0.0079648565	0.0033431925	0.0013018772	0	0.0026037544	0	0	0	0	0	0	0	0	0	0	0	0	0	0	0
1	0.0647388571	0.7402133171	0.5829812879	0.3845761643	0.0479189382	0.0415029509	0.0119952249	0.0061701869	0.0023009922	0.0047470993	0.0011504961	0.006622702	0	0	0	0	0	0	0	0	0	0	0	0	0	0	0
1	0.0027064253	1.036328659	0.8036287912	0.3154335609	0.1107105991	0.0103143038	0.0181250757	0.0132568988	0.0021477361	0.0020080925	0.001613695	9.26398e-05	9.26398e-05	0.0029814941	0	0.0011831925	0	3.26964e-05	0	0	0	0	0	0	0	0	0
1	0.0494306424	0.3200764359	1.2441938399	0.5826747491	0.1365325422	0.1347918963	0.0121371085	0.0144254043	0.0115270917	0.0025913556	0.0051989993	0.0049471333	0	0	0	0	0	0	0	0	0	0	0	0	0	0	0
1	0	0.2266890224	1.4641865697	1.2671043524	0.4403084123	0.2032552981	0.0755061094	0.0275649015	0.0077368789	0.0037886636	0	0.0012684957	0.0012684957	0	0	0	0	0.0012684957	0	0	0	0	0	0	0	0	0
1	0.03548275	1.319797284	1.6647790616	2.1308293497	0.8328568122	0.6237114226	0.1572964824	0.0350538578	0.0371484109	0	0.0035336667	0.00265025	0	0	0.0011778889	0	0	0	0	0	0	0	0	0	0	0	0
1	0.0016784148	0.8297622663	1.257130266	0.9233582109	1.0196856517	0.5143799529	0.1222145317	0.0128907617	0.0566920837	0.0023809853	0.0093154347	4.08854e-05	4.08854e-05	2.04427e-05	0	2.04427e-05	0	2.04427e-05	0	0	0	0	0	0	0	0	0
1	0.0033568296	0.3887210579	1.50073462	0.8157445965	0.3896522219	0.3426977969	0.2351356472	0.0186050167	0.056730528	0	0.0098937394	0	0.0028762403	0	0	0	0	0	0	0	0	0	0	0	0	0	0
1	0.0083920741	0.2734688532	0.5985856837	1.5809798468	0.3446727423	0.4536494278	0.2886734237	0.0563499887	0.1485529321	0.013814645	0.0264081583	0.0106433051	0.0054248655	0	0.0033568296	0	0	0	0	0	0	0	0	0	0	0	0
1	0	0.2730774994	0.765289223	0.9806866884	0.6563497784	0.1850327432	0.1112903326	0.0873483927	0.0302633863	0.0263229229	0.0030350849	0.0017983016	0	0	0	0	0	0	0	0	0	0	0	0	0	0	0
1	0.0002718205	0.1740269794	0.4983369021	0.5247507552	0.482077924	0.3039476624	0.1153367817	0.0630658514	0.0315684791	0.01902716	0.0124644406	0	0.0012684957	0.0015856197	0	0	0	0	0	0	0	0	0	0	0	0	0
1	0	0.7236873888	0.6876859008	0.286551445	0.1324310278	0.0833516837	0.0646730791	0.0146861296	0.0183201245	0.0088404566	0.0073055273	0	0	0	0	0	0	0	0	0	0	0	0	0	0	0	0
1	0.00211269	0.9929342784	1.7363595162	1.1438702468	0.1841311612	0.0630358958	0.0510755065	0.0349013699	0.0058015804	0.008438062	0.0073611358	0.0031734158	0.0031734158	0	0	0	0	0	0	0	0	0	0	0	0	0	0
1	0	0.0894816048	0.8265493022	1.0442538664	0.7623101953	0.1276319238	0.0531152777	0.0238752361	0.0209026032	0.0094869995	0.0065594582	0.0013602948	0.0034165864	0	0	0	0	0	0	0	0	0	0	0	0	0	0
1	0	0.016958983	0.4596220962	0.6834579675	0.751074495	0.4581301353	0.1192706075	0.0354425007	0.0065118516	0.0069936192	0.0017099467	0.0030685344	0.0042428849	2.34239e-05	0	2.34239e-05	0	0	0	0	0	0	0	0	0	0	0
Q1SWBeam
2006 2023
1 1 0  0.25
1 27
1	1.43546	27.2685	20.338	12.017	5.2557	2.2812	0.1513	0.11942	0.23884	0.56317	0	0.34656	0.1976	0	0	0	0	0	0	0	0	0	0	0	0	0	0
1	0.61114	10.2989	18.83	12.842	2.8274	3.2172	1.4288	2.69707	0.16687	1.39158	0.16687	0.83811	0.63929	0.16687	0	0	0	0	0	0	0	0	0	0	0	0	0
1	0.88478	20.2884	9.009	4.394	3.1109	0.9659	1.5113	0.67578	0.43978	0	0.87797	0.12102	0.18772	0	0	0	0	0	0	0	0	0	0	0	0	0	0
1	0.7943	38.2773	31.332	8.543	5.917	2.1977	2.2199	0.29821	0.17878	0.29821	0.29821	0	0.49542	0	0.61889	0	0	0	0	0	0	0	0.7539	0	0	0	0
1	0.92626	35.0943	29.932	16.803	2.7883	1.7498	1.4653	0.76424	0.37545	0	0	0.18772	0	0.91703	0	0	0	0	0.11942	0	0	0	0	0	0	0	0
1	1.80958	46.7994	61.533	21.93	5.0857	5.0716	2.4951	0.46795	0.31664	0.11377	0.35757	0	0.11919	0.11919	0.11919	0.51986	0	0	0	0	0	0	0	0	0	0	0
1	0	8.9195	43.986	21.985	7.3573	3.898	3.4557	0.41169	0.62539	0	0	0.18772	0	0	0.14385	0	0	0	0	0	0	0	0	0	0	0.11942	0
1	0.30036	14.4447	70.222	47.038	9.5129	3.4241	2.4899	1.49112	0.76159	0	0	0	0.12571	0	0	0	0.11374	0	0	0	0	0	0	0	0	0	0
1	0.91256	59.9883	126.353	155.252	54.2658	9.1101	1.2602	2.13621	0.93872	0.48829	0.28101	0.15884	0.1706	0	0	0	0.15884	0	0	0	0	0	0	0	0	0	0
1	0	27.9925	37.992	23.687	31.7222	21.0818	4.3911	2.77409	0.94758	0.59519	0	0.99022	0	0.18772	0	0.1976	0	0	0	0	0	0	0	0	0	0	0
1	0.22085	13.5105	111.182	40.711	20.3641	29.3592	18.746	5.94891	6.07238	0.70284	3.49464	0	0	0	0	0	0	0	0	0	0	0	0	0	0	0	0
1	0	13.4532	62.155	136.027	27.7294	23.144	13.3396	2.65757	5.00905	0.37686	2.11134	0	0.30715	0	0.18772	0	0	0	0	0	0	0	0	0	0	0	0
1	0	9.1815	35.068	25.308	41.1936	16.2552	8.7963	7.3514	4.9955	1.1739	0.94606	0.11942	0	0.11942	0	0	0	0	0	0	0	0	0	0	0	0	0
1	0.18772	11.7845	23.997	41.835	28.0116	29.9151	10.5676	6.31033	2.9624	1.61848	1.29572	0	0	0.17878	0	0	0	0	0	0	0	0	0	0	0	0	0
1	0	39.4876	51.941	26.132	13.9655	8.2149	4.8533	4.06797	2.75253	1.70314	1.87588	0.25359	0	0	0	0	0	0	0	0	0	0	0	0	0	0	0
1	0	29.1579	105.289	72.068	15.8407	5.9395	6.6512	2.37311	0.87082	1.04314	0.18474	0.14949	0.10857	0.1976	0	0	0	0	0	0	0	0	0	0	0	0	0
1	0.59622	39.4343	82.267	152.864	38.7923	6.1971	8.5095	1.51816	3.8522	0.78904	0.27394	4.11552	0.16225	0	0	0	0	0	0	0	0	0	0	0	0	0	0
1	0	32.1785	35.129	43.401	33.1528	4.2339	1.2712	1.49993	0.55602	0	0	0	0.10857	0	0	0	0	0	0	0	0	0	0	0	0	0	0
FSP-7e-biomass
2003 2023
1 1 0.75 0.80
1 27
1	0.0052812316	0.1214828714	0.1531033234	0.1098120407	0.0272487986	0.0304201638	0.0393681457	0.0232002676	0.0214281584	0.0030271399	0.0016428305	0.0009884526	0.0001635945	5.26496e-05	0	5.26496e-05	0	5.26496e-05	0.000412429	0	0	0	0	0	0	0	0
1	0.0012496045	0.0618894775	0.3255162908	0.0891264545	0.1484769724	0.0200974905	0.0143048894	0.045553886	0.0094392277	0.004749798	0.0011765782	0.0002265226	0.0001733172	0	0.0002950505	0	0	0	0.0002408385	0	0	0	0	0	0	0	0
1	0.0018342644	0.1115845973	0.1623681927	0.1157913399	0.0549227138	0.0270754542	0.0102591669	0.0178596772	0.0345549048	0.0076868425	0.0060651528	0	0	0	0.0012186908	0.0009625308	0.0013530215	0	0.0012943051	0.0027718823	0	0	0	0	0	0	0
1	0.0049869953	0.1883520601	0.1532175116	0.0972687325	0.0609787764	0.028978287	0.0158729934	0.0040622491	0.0063580172	0.0152819209	0.0025594871	0.0036230017	0	0	0.0003474219	0	0	0.0011029388	0	0	0	0	0	0	0	0	0
1	0	0.0346774134	0.1038624689	0.0708829128	0.0391171264	0.0201717899	0.0079485584	0.0036769609	0.0052152438	0.0057022622	0.0022468606	0.0041954154	0.0012809892	0	0	0	0	0	0	0	0	0	0	0	0	0	0
1	0.000762555	0.1657577188	0.0961174603	0.0704822029	0.0231913179	0.016570394	0.0147893043	0.0059644543	0.0015792971	0.0007371656	0.0003311276	0.0003043854	0.0001676491	3.09129e-05	5.29117e-05	3.09129e-05	0	5.29117e-05	5.29117e-05	5.29117e-05	0	0	0	0	0	0	0
1	0.0043287082	0.1540895933	0.1971841642	0.0805515208	0.0407740691	0.0305261874	0.0183867908	0.0071709534	0.0053531527	0.0025530495	0	0.0038770762	0	0	0	0	0	0	0	0	0	0	0	0	0	0	0
1	0.0077953986	0.2223438938	0.2405488301	0.2007688219	0.0326819925	0.0283853654	0.0115565349	0.0061370637	0.0029625913	0.00716298	0.002042332	0.0030410605	0	0	0	0	0	0	0	0	0	0	0	0	0	0	0
1	0.0002805555	0.2829662462	0.2761618781	0.1433564943	0.0670930341	0.0063305371	0.0198754767	0.0109279083	0.0030117023	0.0027646397	0.0022008464	0.0001439101	0.0001439101	0.0042099026	0	0.0015336494	0	5.23538e-05	0	0	0	0	0	0	0	0	0
1	0.0087738262	0.0812171528	0.4006800608	0.2357713074	0.076459253	0.0802592315	0.0132626993	0.0093944286	0.011571324	0.0024658113	0.0058594291	0.0047321321	0	0	0	0	0	0	0	0	0	0	0	0	0	0	0
1	0	0.0493426842	0.4016846323	0.4665376235	0.2069123712	0.1086554592	0.0542549173	0.0202150747	0.010110847	0.0035528435	0	0.0014550441	0.0014550441	0	0	0	0	0.0032902929	0	0	0	0	0	0	0	0	0
1	0.0041401004	0.296033996	0.4567809683	0.7176828738	0.3407222057	0.2615754031	0.0794357472	0.025108143	0.0290915886	0	0.0049700235	0.0018371369	0	0	0.000926584	0	0	0	0	0	0	0	0	0	0	0	0
1	0.0001666927	0.1856975988	0.3967680662	0.3549554577	0.4325974812	0.2540259792	0.0773165321	0.0127163242	0.037526888	0.0015570551	0.0131987723	6.54661e-05	6.54661e-05	3.27331e-05	0	3.27331e-05	0	3.27331e-05	0	0	0	0	0	0	0	0	0
1	0.0002572494	0.0887311254	0.4321700691	0.33029376	0.1870151822	0.1805528336	0.1252767374	0.0139593132	0.0459469671	0	0.0088635596	0	0.0019439633	0	0	0	0	0	0	0	0	0	0	0	0	0	0
1	0.0007166172	0.0636257313	0.1688606232	0.5508671938	0.1523064567	0.2072453377	0.1556498663	0.0338106702	0.0918858901	0.0124465021	0.0197142882	0.0106094533	0.0053076674	0	0.003212512	0	0	0	0	0	0	0	0	0	0	0	0
1	0	0.0661520004	0.2126996576	0.3263252307	0.2835986161	0.105983836	0.0688427721	0.0691574641	0.0223061018	0.0231423024	0.003509849	0.0035265638	0	0	0	0	0	0	0	0	0	0	0	0	0	0	0
1	2.6996e-05	0.0393153105	0.1478059346	0.1767266556	0.2051981134	0.1566429404	0.069133305	0.0459155059	0.0218357553	0.0174043329	0.0104956824	0	0.0016332234	0.0006883778	0	0	0	0	0	0	0	0	0	0	0	0	0
1	0	0.1423399221	0.1795707795	0.0997959997	0.0633599822	0.0495348585	0.0472016563	0.0178293735	0.0199326151	0.0084231594	0.0096456266	0	0	0	0	0	0	0	0	0	0	0	0	0	0	0	0
1	0.0001139874	0.1691897597	0.3913748139	0.2967467074	0.0759081909	0.0322075728	0.033996438	0.02900624	0.0065776229	0.0085331584	0.005266963	0.0053902308	0.0032274068	0	0	0	0	0	0	0	0	0	0	0	0	0	0
1	0	0.0160475517	0.1662976213	0.2459625277	0.2242757915	0.055865624	0.03182025	0.0175851743	0.024181703	0.0065944177	0.0068735054	0.001234795	0.0062180483	0	0	0	0	0	0	0	0	0	0	0	0	0	0
1	0	0.0020388775	0.08005655	0.1423365974	0.21066549	0.1609382773	0.0576492185	0.0213340465	0.0067666723	0.0070830716	0.0016161544	0.0021459949	0.0061912267	3.0159e-05	0	3.0159e-05	0	0	0	0	0	0	0	0	0	0	0
Q1SWBeam-biomass
2006 2023
1 1 0  0.25
1 27
1	0.12035	9.2164	7.7537	7.9217	3.3419	1.7754	0.1014	0.11082	0.20851	0.4145	0	0.46799	0.50547	0	0	0	0	0	0	0	0	0	0	0	0	0	0
1	0.02135	3.0196	8.3939	7.7399	1.6069	2.9256	1.2243	2.45044	0.20975	2.51116	0.26331	1.30998	0.99608	0.09445	0	0	0	0	0	0	0	0	0	0	0	0	0
1	0.09066	7.8498	4.1288	1.8044	1.68	0.6308	2.1707	0.45787	0.14293	0	0.84162	0.0881	0.20086	0	0	0	0	0	0	0	0	0	0	0	0	0	0
1	0.06007	14.703	19.1933	5.9551	4.0478	0.9913	3.524	0.31974	0.09029	0.46086	0.49588	0	0.30245	0	1.2582	0	0	0	0	0	0	0	1.6616	0	0	0	0
1	0.0688	15.4548	20.1264	10.8517	1.7483	1.5576	1.1519	0.77088	0.45598	0	0	0.36644	0	1.07659	0	0	0	0	0.1568	0	0	0	0	0	0	0	0
1	0.09345	19.6284	31.6835	11.2165	2.8871	3.8983	1.959	0.40039	0.17478	0.13766	0.59833	0	0.1938	0.24672	0.16722	0.7694	0	0	0	0	0	0	0	0	0	0	0
1	0	1.9939	30.784	12.7499	5.2572	2.9496	3.8255	0.31074	0.58699	0	0	0.22452	0	0	0.22124	0	0	0	0	0	0	0	0	0	0	0.23765	0
1	0.01066	2.6609	27.216	28.2107	5.253	1.8391	2.1848	1.69589	0.60333	0	0	0	0.21282	0	0	0	0.17697	0	0	0	0	0	0	0	0	0	0
1	0.03901	11.7525	41.5609	68.5151	28.6957	6.6238	0.8834	2.00325	0.94888	0.32748	0.17367	0.4179	0.19654	0	0	0	0.3261	0	0	0	0	0	0	0	0	0	0
1	0	5.4919	11.9003	9.4354	13.4005	18.4278	2.85	2.21869	1.09044	0.23391	0	0.96299	0	0.27746	0	0.24799	0	0	0	0	0	0	0	0	0	0	0
1	0.00663	1.6765	34.0805	15.0162	9.8247	19.0269	11.2737	4.33753	3.99252	1.08588	3.24396	0	0	0	0	0	0	0	0	0	0	0	0	0	0	0	0
1	0	2.4658	19.0353	71.9125	13.3156	17.4481	14.3461	2.60427	4.50389	0.13017	2.75627	0	0.30162	0	0.46274	0	0	0	0	0	0	0	0	0	0	0	0
1	0	1.0821	8.2927	7.4714	20.0618	10.5001	5.9581	8.37374	3.98406	0.96612	1.16021	0.0283	0	0.16074	0	0	0	0	0	0	0	0	0	0	0	0	0
1	0.00601	1.3522	4.1161	9.715	9.078	15.5802	6.1833	5.28081	2.68211	2.68581	2.13058	0	0	0.2292	0	0	0	0	0	0	0	0	0	0	0	0	0
1	0	7.7914	14.5251	12.4326	8.7137	6.4323	4.7747	4.2097	3.09837	1.9466	2.71674	0.27591	0	0	0	0	0	0	0	0	0	0	0	0	0	0	0
1	0	4.0692	21.7834	20.6372	4.2096	1.7934	3.3653	2.34356	0.51753	1.45942	0.04933	0.27686	0.17805	0.34956	0	0	0	0	0	0	0	0	0	0	0	0	0
1	0.02266	3.7484	13.2588	41.8971	11.7192	2.6722	6.8961	0.91863	3.42418	0.75848	0.34571	5.22556	0.36101	0	0	0	0	0	0	0	0	0	0	0	0	0	0
1	0	3.3385	7.3351	11.7266	11.2589	1.2374	0.429	1.01244	0.49596	0	0	0	0.1179	0	0	0	0	0	0	0	0	0	0	0	0	0	0
